{
 "cells": [
  {
   "cell_type": "code",
   "execution_count": 62,
   "id": "8301d5ed",
   "metadata": {},
   "outputs": [],
   "source": [
    "import pandas as pd\n",
    "import plotly.express as px\n",
    "import plotly.graph_objects as go\n",
    "pd.set_option('display.max_columns', None)\n",
    "\n",
    "data = pd.read_excel('datasets/nba_player_data.xlsx')"
   ]
  },
  {
   "cell_type": "code",
   "execution_count": 82,
   "id": "e256716c",
   "metadata": {},
   "outputs": [
    {
     "data": {
      "text/html": [
       "<div>\n",
       "<style scoped>\n",
       "    .dataframe tbody tr th:only-of-type {\n",
       "        vertical-align: middle;\n",
       "    }\n",
       "\n",
       "    .dataframe tbody tr th {\n",
       "        vertical-align: top;\n",
       "    }\n",
       "\n",
       "    .dataframe thead th {\n",
       "        text-align: right;\n",
       "    }\n",
       "</style>\n",
       "<table border=\"1\" class=\"dataframe\">\n",
       "  <thead>\n",
       "    <tr style=\"text-align: right;\">\n",
       "      <th></th>\n",
       "      <th>Year</th>\n",
       "      <th>Season_type</th>\n",
       "      <th>PLAYER_ID</th>\n",
       "      <th>PLAYER</th>\n",
       "      <th>TEAM_ID</th>\n",
       "      <th>TEAM</th>\n",
       "      <th>GP</th>\n",
       "      <th>MIN</th>\n",
       "      <th>FGM</th>\n",
       "      <th>FGA</th>\n",
       "      <th>FG_PCT</th>\n",
       "      <th>FG3M</th>\n",
       "      <th>FG3A</th>\n",
       "      <th>FG3_PCT</th>\n",
       "      <th>FTM</th>\n",
       "      <th>FTA</th>\n",
       "      <th>FT_PCT</th>\n",
       "      <th>OREB</th>\n",
       "      <th>DREB</th>\n",
       "      <th>REB</th>\n",
       "      <th>AST</th>\n",
       "      <th>STL</th>\n",
       "      <th>BLK</th>\n",
       "      <th>TOV</th>\n",
       "      <th>PF</th>\n",
       "      <th>PTS</th>\n",
       "      <th>AST_TOV</th>\n",
       "      <th>STL_TOV</th>\n",
       "      <th>season_start_year</th>\n",
       "    </tr>\n",
       "  </thead>\n",
       "  <tbody>\n",
       "    <tr>\n",
       "      <th>4631</th>\n",
       "      <td>2018-19</td>\n",
       "      <td>Regular%20Season</td>\n",
       "      <td>201160</td>\n",
       "      <td>Jason Smith</td>\n",
       "      <td>1610612740</td>\n",
       "      <td>NO</td>\n",
       "      <td>20</td>\n",
       "      <td>191</td>\n",
       "      <td>21</td>\n",
       "      <td>59</td>\n",
       "      <td>0.356</td>\n",
       "      <td>9</td>\n",
       "      <td>26</td>\n",
       "      <td>0.346</td>\n",
       "      <td>14</td>\n",
       "      <td>16</td>\n",
       "      <td>0.875</td>\n",
       "      <td>16</td>\n",
       "      <td>36</td>\n",
       "      <td>52</td>\n",
       "      <td>14</td>\n",
       "      <td>3</td>\n",
       "      <td>7</td>\n",
       "      <td>13</td>\n",
       "      <td>30</td>\n",
       "      <td>65</td>\n",
       "      <td>1.08</td>\n",
       "      <td>0.23</td>\n",
       "      <td>2018</td>\n",
       "    </tr>\n",
       "    <tr>\n",
       "      <th>9320</th>\n",
       "      <td>2024-25</td>\n",
       "      <td>Regular%20Season</td>\n",
       "      <td>1642505</td>\n",
       "      <td>Alex Ducas</td>\n",
       "      <td>1610612760</td>\n",
       "      <td>OKC</td>\n",
       "      <td>21</td>\n",
       "      <td>125</td>\n",
       "      <td>12</td>\n",
       "      <td>30</td>\n",
       "      <td>0.400</td>\n",
       "      <td>10</td>\n",
       "      <td>21</td>\n",
       "      <td>0.476</td>\n",
       "      <td>2</td>\n",
       "      <td>2</td>\n",
       "      <td>1.000</td>\n",
       "      <td>9</td>\n",
       "      <td>17</td>\n",
       "      <td>26</td>\n",
       "      <td>5</td>\n",
       "      <td>5</td>\n",
       "      <td>0</td>\n",
       "      <td>4</td>\n",
       "      <td>12</td>\n",
       "      <td>36</td>\n",
       "      <td>1.25</td>\n",
       "      <td>1.25</td>\n",
       "      <td>2024</td>\n",
       "    </tr>\n",
       "    <tr>\n",
       "      <th>3886</th>\n",
       "      <td>2017-18</td>\n",
       "      <td>Regular%20Season</td>\n",
       "      <td>1626191</td>\n",
       "      <td>Chris McCullough</td>\n",
       "      <td>1610612764</td>\n",
       "      <td>WAS</td>\n",
       "      <td>19</td>\n",
       "      <td>90</td>\n",
       "      <td>18</td>\n",
       "      <td>42</td>\n",
       "      <td>0.429</td>\n",
       "      <td>1</td>\n",
       "      <td>8</td>\n",
       "      <td>0.125</td>\n",
       "      <td>9</td>\n",
       "      <td>14</td>\n",
       "      <td>0.643</td>\n",
       "      <td>7</td>\n",
       "      <td>18</td>\n",
       "      <td>25</td>\n",
       "      <td>4</td>\n",
       "      <td>0</td>\n",
       "      <td>5</td>\n",
       "      <td>2</td>\n",
       "      <td>8</td>\n",
       "      <td>46</td>\n",
       "      <td>2.00</td>\n",
       "      <td>0.00</td>\n",
       "      <td>2017</td>\n",
       "    </tr>\n",
       "    <tr>\n",
       "      <th>3718</th>\n",
       "      <td>2017-18</td>\n",
       "      <td>Regular%20Season</td>\n",
       "      <td>1626181</td>\n",
       "      <td>Norman Powell</td>\n",
       "      <td>1610612761</td>\n",
       "      <td>TOR</td>\n",
       "      <td>70</td>\n",
       "      <td>1062</td>\n",
       "      <td>150</td>\n",
       "      <td>374</td>\n",
       "      <td>0.401</td>\n",
       "      <td>53</td>\n",
       "      <td>186</td>\n",
       "      <td>0.285</td>\n",
       "      <td>32</td>\n",
       "      <td>39</td>\n",
       "      <td>0.821</td>\n",
       "      <td>14</td>\n",
       "      <td>105</td>\n",
       "      <td>119</td>\n",
       "      <td>89</td>\n",
       "      <td>37</td>\n",
       "      <td>16</td>\n",
       "      <td>66</td>\n",
       "      <td>111</td>\n",
       "      <td>385</td>\n",
       "      <td>1.35</td>\n",
       "      <td>0.56</td>\n",
       "      <td>2017</td>\n",
       "    </tr>\n",
       "    <tr>\n",
       "      <th>6221</th>\n",
       "      <td>2020-21</td>\n",
       "      <td>Regular%20Season</td>\n",
       "      <td>1629607</td>\n",
       "      <td>Jared Harper</td>\n",
       "      <td>1610612752</td>\n",
       "      <td>NYK</td>\n",
       "      <td>8</td>\n",
       "      <td>16</td>\n",
       "      <td>0</td>\n",
       "      <td>4</td>\n",
       "      <td>0.000</td>\n",
       "      <td>0</td>\n",
       "      <td>1</td>\n",
       "      <td>0.000</td>\n",
       "      <td>3</td>\n",
       "      <td>4</td>\n",
       "      <td>0.750</td>\n",
       "      <td>0</td>\n",
       "      <td>2</td>\n",
       "      <td>2</td>\n",
       "      <td>1</td>\n",
       "      <td>0</td>\n",
       "      <td>0</td>\n",
       "      <td>3</td>\n",
       "      <td>1</td>\n",
       "      <td>3</td>\n",
       "      <td>0.33</td>\n",
       "      <td>0.00</td>\n",
       "      <td>2020</td>\n",
       "    </tr>\n",
       "    <tr>\n",
       "      <th>203</th>\n",
       "      <td>2012-13</td>\n",
       "      <td>Regular%20Season</td>\n",
       "      <td>101131</td>\n",
       "      <td>Jason Maxiell</td>\n",
       "      <td>1610612765</td>\n",
       "      <td>DET</td>\n",
       "      <td>72</td>\n",
       "      <td>1789</td>\n",
       "      <td>204</td>\n",
       "      <td>457</td>\n",
       "      <td>0.446</td>\n",
       "      <td>0</td>\n",
       "      <td>0</td>\n",
       "      <td>0.000</td>\n",
       "      <td>90</td>\n",
       "      <td>145</td>\n",
       "      <td>0.621</td>\n",
       "      <td>135</td>\n",
       "      <td>274</td>\n",
       "      <td>409</td>\n",
       "      <td>54</td>\n",
       "      <td>32</td>\n",
       "      <td>95</td>\n",
       "      <td>81</td>\n",
       "      <td>172</td>\n",
       "      <td>498</td>\n",
       "      <td>0.67</td>\n",
       "      <td>0.40</td>\n",
       "      <td>2012</td>\n",
       "    </tr>\n",
       "    <tr>\n",
       "      <th>8202</th>\n",
       "      <td>2023-24</td>\n",
       "      <td>Regular%20Season</td>\n",
       "      <td>201566</td>\n",
       "      <td>Russell Westbrook</td>\n",
       "      <td>1610612746</td>\n",
       "      <td>LAC</td>\n",
       "      <td>68</td>\n",
       "      <td>1529</td>\n",
       "      <td>301</td>\n",
       "      <td>663</td>\n",
       "      <td>0.454</td>\n",
       "      <td>42</td>\n",
       "      <td>154</td>\n",
       "      <td>0.273</td>\n",
       "      <td>110</td>\n",
       "      <td>160</td>\n",
       "      <td>0.688</td>\n",
       "      <td>93</td>\n",
       "      <td>250</td>\n",
       "      <td>343</td>\n",
       "      <td>306</td>\n",
       "      <td>74</td>\n",
       "      <td>23</td>\n",
       "      <td>144</td>\n",
       "      <td>121</td>\n",
       "      <td>754</td>\n",
       "      <td>2.13</td>\n",
       "      <td>0.51</td>\n",
       "      <td>2023</td>\n",
       "    </tr>\n",
       "    <tr>\n",
       "      <th>5143</th>\n",
       "      <td>2019-20</td>\n",
       "      <td>Regular%20Season</td>\n",
       "      <td>202738</td>\n",
       "      <td>Isaiah Thomas</td>\n",
       "      <td>1610612764</td>\n",
       "      <td>WAS</td>\n",
       "      <td>40</td>\n",
       "      <td>925</td>\n",
       "      <td>174</td>\n",
       "      <td>426</td>\n",
       "      <td>0.408</td>\n",
       "      <td>78</td>\n",
       "      <td>189</td>\n",
       "      <td>0.413</td>\n",
       "      <td>62</td>\n",
       "      <td>76</td>\n",
       "      <td>0.816</td>\n",
       "      <td>11</td>\n",
       "      <td>57</td>\n",
       "      <td>68</td>\n",
       "      <td>146</td>\n",
       "      <td>13</td>\n",
       "      <td>6</td>\n",
       "      <td>77</td>\n",
       "      <td>77</td>\n",
       "      <td>488</td>\n",
       "      <td>1.90</td>\n",
       "      <td>0.17</td>\n",
       "      <td>2019</td>\n",
       "    </tr>\n",
       "    <tr>\n",
       "      <th>360</th>\n",
       "      <td>2012-13</td>\n",
       "      <td>Regular%20Season</td>\n",
       "      <td>202397</td>\n",
       "      <td>Ish Smith</td>\n",
       "      <td>1610612749</td>\n",
       "      <td>MIL</td>\n",
       "      <td>52</td>\n",
       "      <td>516</td>\n",
       "      <td>56</td>\n",
       "      <td>159</td>\n",
       "      <td>0.352</td>\n",
       "      <td>8</td>\n",
       "      <td>27</td>\n",
       "      <td>0.296</td>\n",
       "      <td>3</td>\n",
       "      <td>7</td>\n",
       "      <td>0.429</td>\n",
       "      <td>12</td>\n",
       "      <td>49</td>\n",
       "      <td>61</td>\n",
       "      <td>87</td>\n",
       "      <td>21</td>\n",
       "      <td>9</td>\n",
       "      <td>37</td>\n",
       "      <td>26</td>\n",
       "      <td>123</td>\n",
       "      <td>2.35</td>\n",
       "      <td>0.57</td>\n",
       "      <td>2012</td>\n",
       "    </tr>\n",
       "    <tr>\n",
       "      <th>6419</th>\n",
       "      <td>2020-21</td>\n",
       "      <td>Playoffs</td>\n",
       "      <td>1629035</td>\n",
       "      <td>Carsen Edwards</td>\n",
       "      <td>1610612738</td>\n",
       "      <td>BOS</td>\n",
       "      <td>2</td>\n",
       "      <td>5</td>\n",
       "      <td>2</td>\n",
       "      <td>3</td>\n",
       "      <td>0.667</td>\n",
       "      <td>1</td>\n",
       "      <td>2</td>\n",
       "      <td>0.500</td>\n",
       "      <td>0</td>\n",
       "      <td>0</td>\n",
       "      <td>0.000</td>\n",
       "      <td>0</td>\n",
       "      <td>1</td>\n",
       "      <td>1</td>\n",
       "      <td>0</td>\n",
       "      <td>0</td>\n",
       "      <td>0</td>\n",
       "      <td>0</td>\n",
       "      <td>0</td>\n",
       "      <td>5</td>\n",
       "      <td>0.00</td>\n",
       "      <td>0.00</td>\n",
       "      <td>2020</td>\n",
       "    </tr>\n",
       "  </tbody>\n",
       "</table>\n",
       "</div>"
      ],
      "text/plain": [
       "         Year       Season_type  PLAYER_ID             PLAYER     TEAM_ID  \\\n",
       "4631  2018-19  Regular%20Season     201160        Jason Smith  1610612740   \n",
       "9320  2024-25  Regular%20Season    1642505         Alex Ducas  1610612760   \n",
       "3886  2017-18  Regular%20Season    1626191   Chris McCullough  1610612764   \n",
       "3718  2017-18  Regular%20Season    1626181      Norman Powell  1610612761   \n",
       "6221  2020-21  Regular%20Season    1629607       Jared Harper  1610612752   \n",
       "203   2012-13  Regular%20Season     101131      Jason Maxiell  1610612765   \n",
       "8202  2023-24  Regular%20Season     201566  Russell Westbrook  1610612746   \n",
       "5143  2019-20  Regular%20Season     202738      Isaiah Thomas  1610612764   \n",
       "360   2012-13  Regular%20Season     202397          Ish Smith  1610612749   \n",
       "6419  2020-21          Playoffs    1629035     Carsen Edwards  1610612738   \n",
       "\n",
       "     TEAM  GP   MIN  FGM  FGA  FG_PCT  FG3M  FG3A  FG3_PCT  FTM  FTA  FT_PCT  \\\n",
       "4631   NO  20   191   21   59   0.356     9    26    0.346   14   16   0.875   \n",
       "9320  OKC  21   125   12   30   0.400    10    21    0.476    2    2   1.000   \n",
       "3886  WAS  19    90   18   42   0.429     1     8    0.125    9   14   0.643   \n",
       "3718  TOR  70  1062  150  374   0.401    53   186    0.285   32   39   0.821   \n",
       "6221  NYK   8    16    0    4   0.000     0     1    0.000    3    4   0.750   \n",
       "203   DET  72  1789  204  457   0.446     0     0    0.000   90  145   0.621   \n",
       "8202  LAC  68  1529  301  663   0.454    42   154    0.273  110  160   0.688   \n",
       "5143  WAS  40   925  174  426   0.408    78   189    0.413   62   76   0.816   \n",
       "360   MIL  52   516   56  159   0.352     8    27    0.296    3    7   0.429   \n",
       "6419  BOS   2     5    2    3   0.667     1     2    0.500    0    0   0.000   \n",
       "\n",
       "      OREB  DREB  REB  AST  STL  BLK  TOV   PF  PTS  AST_TOV  STL_TOV  \\\n",
       "4631    16    36   52   14    3    7   13   30   65     1.08     0.23   \n",
       "9320     9    17   26    5    5    0    4   12   36     1.25     1.25   \n",
       "3886     7    18   25    4    0    5    2    8   46     2.00     0.00   \n",
       "3718    14   105  119   89   37   16   66  111  385     1.35     0.56   \n",
       "6221     0     2    2    1    0    0    3    1    3     0.33     0.00   \n",
       "203    135   274  409   54   32   95   81  172  498     0.67     0.40   \n",
       "8202    93   250  343  306   74   23  144  121  754     2.13     0.51   \n",
       "5143    11    57   68  146   13    6   77   77  488     1.90     0.17   \n",
       "360     12    49   61   87   21    9   37   26  123     2.35     0.57   \n",
       "6419     0     1    1    0    0    0    0    0    5     0.00     0.00   \n",
       "\n",
       "      season_start_year  \n",
       "4631               2018  \n",
       "9320               2024  \n",
       "3886               2017  \n",
       "3718               2017  \n",
       "6221               2020  \n",
       "203                2012  \n",
       "8202               2023  \n",
       "5143               2019  \n",
       "360                2012  \n",
       "6419               2020  "
      ]
     },
     "execution_count": 82,
     "metadata": {},
     "output_type": "execute_result"
    }
   ],
   "source": [
    "data.sample(10)"
   ]
  },
  {
   "cell_type": "code",
   "execution_count": 76,
   "id": "a574479f",
   "metadata": {},
   "outputs": [
    {
     "data": {
      "text/plain": [
       "(9623, 29)"
      ]
     },
     "execution_count": 76,
     "metadata": {},
     "output_type": "execute_result"
    }
   ],
   "source": [
    "data.shape"
   ]
  },
  {
   "cell_type": "markdown",
   "id": "741c2320",
   "metadata": {},
   "source": [
    "# Data cleaning & analysis preparation"
   ]
  },
  {
   "cell_type": "code",
   "execution_count": null,
   "id": "be391d7c",
   "metadata": {},
   "outputs": [],
   "source": [
    "data.drop(columns=['RANK', 'EFF'], inplace=True)"
   ]
  },
  {
   "cell_type": "code",
   "execution_count": 70,
   "id": "e5d7b0bc",
   "metadata": {},
   "outputs": [],
   "source": [
    "data['season_start_year'] = data['Year'].str[:4].astype(int)"
   ]
  },
  {
   "cell_type": "code",
   "execution_count": 73,
   "id": "c77086b9",
   "metadata": {},
   "outputs": [],
   "source": [
    "data['TEAM'].replace(to_replace=['NOP', 'NOH'], value='NO', inplace=True)"
   ]
  },
  {
   "cell_type": "code",
   "execution_count": null,
   "id": "98e00281",
   "metadata": {},
   "outputs": [],
   "source": [
    "data['Season_type'].replace('Regular%20Season', 'Regular', inplace=True)"
   ]
  },
  {
   "cell_type": "code",
   "execution_count": 53,
   "id": "a59f1e06",
   "metadata": {},
   "outputs": [],
   "source": [
    "rs_df = data[data['Season_type'] == 'Regular']\n",
    "playoffs_df = data[data['Season_type'] == 'Playoffs']"
   ]
  },
  {
   "cell_type": "code",
   "execution_count": 54,
   "id": "d9418e7b",
   "metadata": {},
   "outputs": [
    {
     "data": {
      "text/plain": [
       "Index(['Year', 'Season_type', 'PLAYER_ID', 'PLAYER', 'TEAM_ID', 'TEAM', 'GP',\n",
       "       'MIN', 'FGM', 'FGA', 'FG_PCT', 'FG3M', 'FG3A', 'FG3_PCT', 'FTM', 'FTA',\n",
       "       'FT_PCT', 'OREB', 'DREB', 'REB', 'AST', 'STL', 'BLK', 'TOV', 'PF',\n",
       "       'PTS', 'AST_TOV', 'STL_TOV', 'season_start_year'],\n",
       "      dtype='object')"
      ]
     },
     "execution_count": 54,
     "metadata": {},
     "output_type": "execute_result"
    }
   ],
   "source": [
    "data.columns"
   ]
  },
  {
   "cell_type": "code",
   "execution_count": 98,
   "id": "9ac76e4f",
   "metadata": {},
   "outputs": [],
   "source": [
    "total_cols = ['MIN', 'FGM', 'FGA', 'FG3M', 'FG3A', 'FTM', 'FTA', 'OREB', 'DREB', 'AST', 'STL', 'BLK', 'TOV', 'PF', 'PTS']"
   ]
  },
  {
   "cell_type": "markdown",
   "id": "5f769f74",
   "metadata": {},
   "source": [
    "## Which player stats are correlated with each other?"
   ]
  },
  {
   "cell_type": "code",
   "execution_count": 103,
   "id": "6431e7ec",
   "metadata": {},
   "outputs": [
    {
     "data": {
      "application/vnd.plotly.v1+json": {
       "config": {
        "plotlyServerURL": "https://plot.ly"
       },
       "data": [
        {
         "coloraxis": "coloraxis",
         "hovertemplate": "x: %{x}<br>y: %{y}<br>color: %{z}<extra></extra>",
         "name": "0",
         "type": "heatmap",
         "x": [
          "MIN",
          "FGM",
          "FGA",
          "FG3M",
          "FG3A",
          "FTM",
          "FTA",
          "OREB",
          "DREB",
          "AST",
          "STL",
          "BLK",
          "TOV",
          "PF",
          "PTS",
          "FG%",
          "3PT%",
          "FT%",
          "FG3A%",
          "PTS/FGA",
          "FG3M/FGM",
          "FTA/FGA",
          "TRU%",
          "AST_TOV"
         ],
         "xaxis": "x",
         "y": [
          "MIN",
          "FGM",
          "FGA",
          "FG3M",
          "FG3A",
          "FTM",
          "FTA",
          "OREB",
          "DREB",
          "AST",
          "STL",
          "BLK",
          "TOV",
          "PF",
          "PTS",
          "FG%",
          "3PT%",
          "FT%",
          "FG3A%",
          "PTS/FGA",
          "FG3M/FGM",
          "FTA/FGA",
          "TRU%",
          "AST_TOV"
         ],
         "yaxis": "y",
         "z": [
          [
           1,
           0.43579528668513645,
           0.35329161840863554,
           0.1806472229350172,
           0.09787625784122206,
           0.3494794402708432,
           0.2818782022891663,
           -0.12484606937978945,
           0.04418277750405119,
           0.24581743809507547,
           0.029832125307906455,
           -0.055451311409415734,
           0.14345069947877395,
           -0.372280566855489,
           0.4609575473873794,
           0.20573973158905617,
           0.17505189643235486,
           0.25696642378818263,
           -0.03195791326658492,
           0.2750365682634637,
           -0.003119228083424998,
           0.039185755982762555,
           0.32766792289828894,
           0.06688414922044737
          ],
          [
           0.43579528668513645,
           1,
           0.8713074425928249,
           0.19964168904214297,
           0.1473884772716089,
           0.6271188922166252,
           0.5866418706199725,
           0.06743283246450195,
           0.23215651364979664,
           0.2431485995697135,
           -0.03068446204643968,
           0.06547690447715132,
           0.4094223524565911,
           -0.19784521293341625,
           0.9587053753183119,
           0.4019823011100903,
           0.12716717201282124,
           0.21768758344851744,
           -0.22755635922430392,
           0.3674856635269829,
           -0.21785293874052605,
           0.06958154337708826,
           0.4218763934270904,
           -0.09207383851633018
          ],
          [
           0.35329161840863554,
           0.8713074425928249,
           1,
           0.4267963545914796,
           0.4479565389058964,
           0.5672894958944957,
           0.4837108098800086,
           -0.2234548924509032,
           -0.01278668688952138,
           0.3429561937122653,
           0.01777378194698495,
           -0.17342416947715159,
           0.4338466514128163,
           -0.3271136048963145,
           0.8977227620226866,
           -0.07377668556802558,
           0.17054886188351298,
           0.312554075677198,
           0.0484152105579271,
           -0.01771815086870939,
           0.03979086605717935,
           -0.10535905347364247,
           0.03781801481725594,
           0.006902923795648586
          ],
          [
           0.1806472229350172,
           0.19964168904214297,
           0.4267963545914796,
           1,
           0.9571043977811935,
           -0.018499171203128422,
           -0.1562335931869743,
           -0.6066654786718289,
           -0.3941393207864561,
           0.16121076609187723,
           0.000662648413452267,
           -0.4319033610892524,
           -0.06656964915381504,
           -0.4025245833536118,
           0.36302655947950774,
           -0.36236228536292386,
           0.5724179179579972,
           0.4003897490043814,
           0.8374411943018488,
           -0.06873015726354147,
           0.858288930101354,
           -0.4061077183783214,
           0.139851881061407,
           0.22396877417240835
          ],
          [
           0.09787625784122206,
           0.1473884772716089,
           0.4479565389058964,
           0.9571043977811935,
           1,
           -0.032812891999822555,
           -0.16830271754596654,
           -0.6379663273177728,
           -0.4226813931096596,
           0.17714223421435693,
           0.024450725867603006,
           -0.4564690459048369,
           -0.04538350604334762,
           -0.40060204986494774,
           0.3111105332765233,
           -0.49772665518005027,
           0.45272496845355087,
           0.37861489626335637,
           0.8776113016869733,
           -0.21876764335913423,
           0.8437341630017373,
           -0.4323886344052661,
           -0.03722838645572096,
           0.23318709684053432
          ],
          [
           0.3494794402708432,
           0.6271188922166252,
           0.5672894958944957,
           -0.018499171203128422,
           -0.032812891999822555,
           1,
           0.9552119791090975,
           0.08653786972347116,
           0.19639063503323148,
           0.25604565408315,
           0.01990122677739106,
           0.06425434489905858,
           0.46190759597444725,
           -0.08818563478682175,
           0.7469433163770812,
           0.20561667510931406,
           0.004270253381673872,
           0.2796883620179337,
           -0.2935589339538568,
           0.4816188258289767,
           -0.2894226332001689,
           0.6083026614338831,
           0.27655573192140503,
           -0.10917691339736342
          ],
          [
           0.2818782022891663,
           0.5866418706199725,
           0.4837108098800086,
           -0.1562335931869743,
           -0.16830271754596654,
           0.9552119791090975,
           1,
           0.23081974004692452,
           0.2954651071211013,
           0.1830054996883538,
           0.020667230078991263,
           0.1713290791347846,
           0.4652830139094285,
           0.011762960581710705,
           0.673594875662236,
           0.281970447591707,
           -0.08440299687062135,
           0.03838086363289883,
           -0.4133846011265897,
           0.5010788919662059,
           -0.4050826691628288,
           0.7212989253589399,
           0.24240461223882526,
           -0.1820398106812368
          ],
          [
           -0.12484606937978945,
           0.06743283246450195,
           -0.2234548924509032,
           -0.6066654786718289,
           -0.6379663273177728,
           0.08653786972347116,
           0.23081974004692452,
           1,
           0.6694221113316409,
           -0.3749239963192412,
           -0.11217570339442277,
           0.6017277119118559,
           -0.015594913878340149,
           0.48121964149778584,
           -0.06042517432817346,
           0.5555315117661619,
           -0.39938994401160505,
           -0.36572989588507876,
           -0.6405631600830889,
           0.3437859681686159,
           -0.6114942215165312,
           0.3977853593300844,
           0.21042022284449377,
           -0.38697522607242146
          ],
          [
           0.04418277750405119,
           0.23215651364979664,
           -0.01278668688952138,
           -0.3941393207864561,
           -0.4226813931096596,
           0.19639063503323148,
           0.2954651071211013,
           0.6694221113316409,
           1,
           -0.22308043577830108,
           -0.13209999321508303,
           0.5407638141713225,
           0.11541989130476034,
           0.31679017222407624,
           0.13940126035647565,
           0.4809666219236666,
           -0.2495417023659818,
           -0.24353682678423033,
           -0.4772613134523308,
           0.3395154143648289,
           -0.4603591986697067,
           0.31602422048398304,
           0.24809996472908105,
           -0.32553252258910065
          ],
          [
           0.24581743809507547,
           0.2431485995697135,
           0.3429561937122653,
           0.16121076609187723,
           0.17714223421435693,
           0.25604565408315,
           0.1830054996883538,
           -0.3749239963192412,
           -0.22308043577830108,
           1,
           0.29158193399210336,
           -0.32251903532510784,
           0.5735140856716116,
           -0.30647502650931463,
           0.2885197373974312,
           -0.14930081594672098,
           0.10960276576571028,
           0.2041928811422414,
           0.05513211247477849,
           -0.08199576330072489,
           0.03852034755274514,
           -0.055150859498759204,
           -0.07277215984573887,
           0.5876985784891798
          ],
          [
           0.029832125307906455,
           -0.03068446204643968,
           0.01777378194698495,
           0.000662648413452267,
           0.024450725867603006,
           0.01990122677739106,
           0.020667230078991263,
           -0.11217570339442277,
           -0.13209999321508303,
           0.29158193399210336,
           1,
           -0.07547006936004905,
           0.1628210801390268,
           -0.02400673181182853,
           -0.016441146413422106,
           -0.10405824623959034,
           0.000500257286121952,
           -0.021397808484839038,
           0.032284868250731666,
           -0.09162012092023389,
           0.01474651259561338,
           -0.018055558646074825,
           -0.10065292640885384,
           0.18828909560979243
          ],
          [
           -0.055451311409415734,
           0.06547690447715132,
           -0.17342416947715159,
           -0.4319033610892524,
           -0.4564690459048369,
           0.06425434489905858,
           0.1713290791347846,
           0.6017277119118559,
           0.5407638141713225,
           -0.32251903532510784,
           -0.07547006936004905,
           1,
           -0.015402135497822884,
           0.42079522022173366,
           -0.0294807169942548,
           0.468350768877663,
           -0.26246872280461797,
           -0.2926868145547959,
           -0.4640638038661197,
           0.30484398719271893,
           -0.4449218629214594,
           0.29520460356763434,
           0.21606170820148307,
           -0.329011210999558
          ],
          [
           0.14345069947877395,
           0.4094223524565911,
           0.4338466514128163,
           -0.06656964915381504,
           -0.04538350604334762,
           0.46190759597444725,
           0.4652830139094285,
           -0.015594913878340149,
           0.11541989130476034,
           0.5735140856716116,
           0.1628210801390268,
           -0.015402135497822884,
           1,
           0.04740695630747262,
           0.4195918050901282,
           0.02999814164657547,
           -0.061405495161324486,
           0.035479605949719814,
           -0.2566048058646802,
           0.04447090494644473,
           -0.26671510127632386,
           0.20473635930812242,
           -0.05238260194761783,
           -0.17308181648283763
          ],
          [
           -0.372280566855489,
           -0.19784521293341625,
           -0.3271136048963145,
           -0.4025245833536118,
           -0.40060204986494774,
           -0.08818563478682175,
           0.011762960581710705,
           0.48121964149778584,
           0.31679017222407624,
           -0.30647502650931463,
           -0.02400673181182853,
           0.42079522022173366,
           0.04740695630747262,
           1,
           -0.2599699830261821,
           0.2137959329488701,
           -0.26822318674492795,
           -0.28723977283611823,
           -0.3348385437471475,
           0.1080246505972323,
           -0.3267407330647346,
           0.24991656460126754,
           -0.0017813863701445054,
           -0.3439569525545346
          ],
          [
           0.4609575473873794,
           0.9587053753183119,
           0.8977227620226866,
           0.36302655947950774,
           0.3111105332765233,
           0.7469433163770812,
           0.673594875662236,
           -0.06042517432817346,
           0.13940126035647565,
           0.2885197373974312,
           -0.016441146413422106,
           -0.0294807169942548,
           0.4195918050901282,
           -0.2599699830261821,
           1,
           0.2732491552701199,
           0.21784089432991813,
           0.33057770784781815,
           -0.06582640343330064,
           0.3942458820621977,
           -0.05288522376143227,
           0.1386098096756916,
           0.420348877891812,
           -0.04936110204939738
          ],
          [
           0.20573973158905617,
           0.4019823011100903,
           -0.07377668556802558,
           -0.36236228536292386,
           -0.49772665518005027,
           0.20561667510931406,
           0.281970447591707,
           0.5555315117661619,
           0.4809666219236666,
           -0.14930081594672098,
           -0.10405824623959034,
           0.468350768877663,
           0.02999814164657547,
           0.2137959329488701,
           0.2732491552701199,
           1,
           -0.06370343800051428,
           -0.1516910615768295,
           -0.5664546873094051,
           0.813486857235074,
           -0.5263447067475019,
           0.34820342419812483,
           0.8189145707727329,
           -0.21871948795116167
          ],
          [
           0.17505189643235486,
           0.12716717201282124,
           0.17054886188351298,
           0.5724179179579972,
           0.45272496845355087,
           0.004270253381673872,
           -0.08440299687062135,
           -0.39938994401160505,
           -0.2495417023659818,
           0.10960276576571028,
           0.000500257286121952,
           -0.26246872280461797,
           -0.061405495161324486,
           -0.26822318674492795,
           0.21784089432991813,
           -0.06370343800051428,
           1,
           0.27947904894535164,
           0.4463336620125145,
           0.14760597506555295,
           0.5148849639791873,
           -0.23689558146432585,
           0.28862281414507984,
           0.15241030069082867
          ],
          [
           0.25696642378818263,
           0.21768758344851744,
           0.312554075677198,
           0.4003897490043814,
           0.37861489626335637,
           0.2796883620179337,
           0.03838086363289883,
           -0.36572989588507876,
           -0.24353682678423033,
           0.2041928811422414,
           -0.021397808484839038,
           -0.2926868145547959,
           0.035479605949719814,
           -0.28723977283611823,
           0.33057770784781815,
           -0.1516910615768295,
           0.27947904894535164,
           1,
           0.308900616064475,
           0.09667471123060557,
           0.31299762728542435,
           -0.16845128951526947,
           0.21542255485160855,
           0.17897732558024548
          ],
          [
           -0.03195791326658492,
           -0.22755635922430392,
           0.0484152105579271,
           0.8374411943018488,
           0.8776113016869733,
           -0.2935589339538568,
           -0.4133846011265897,
           -0.6405631600830889,
           -0.4772613134523308,
           0.05513211247477849,
           0.032284868250731666,
           -0.4640638038661197,
           -0.2566048058646802,
           -0.3348385437471475,
           -0.06582640343330064,
           -0.5664546873094051,
           0.4463336620125145,
           0.308900616064475,
           1,
           -0.28109872787463597,
           0.961994291581011,
           -0.49397958800333674,
           -0.08196492964864782,
           0.29045041509950464
          ],
          [
           0.2750365682634637,
           0.3674856635269829,
           -0.01771815086870939,
           -0.06873015726354147,
           -0.21876764335913423,
           0.4816188258289767,
           0.5010788919662059,
           0.3437859681686159,
           0.3395154143648289,
           -0.08199576330072489,
           -0.09162012092023389,
           0.30484398719271893,
           0.04447090494644473,
           0.1080246505972323,
           0.3942458820621977,
           0.813486857235074,
           0.14760597506555295,
           0.09667471123060557,
           -0.28109872787463597,
           1,
           -0.2288789124782622,
           0.6217594363313079,
           0.9019936008185135,
           -0.15249346592684207
          ],
          [
           -0.003119228083424998,
           -0.21785293874052605,
           0.03979086605717935,
           0.858288930101354,
           0.8437341630017373,
           -0.2894226332001689,
           -0.4050826691628288,
           -0.6114942215165312,
           -0.4603591986697067,
           0.03852034755274514,
           0.01474651259561338,
           -0.4449218629214594,
           -0.26671510127632386,
           -0.3267407330647346,
           -0.05288522376143227,
           -0.5263447067475019,
           0.5148849639791873,
           0.31299762728542435,
           0.961994291581011,
           -0.2288789124782622,
           1,
           -0.47474158474839023,
           -0.027623281240555297,
           0.2784323988711837
          ],
          [
           0.039185755982762555,
           0.06958154337708826,
           -0.10535905347364247,
           -0.4061077183783214,
           -0.4323886344052661,
           0.6083026614338831,
           0.7212989253589399,
           0.3977853593300844,
           0.31602422048398304,
           -0.055150859498759204,
           -0.018055558646074825,
           0.29520460356763434,
           0.20473635930812242,
           0.24991656460126754,
           0.1386098096756916,
           0.34820342419812483,
           -0.23689558146432585,
           -0.16845128951526947,
           -0.49397958800333674,
           0.6217594363313079,
           -0.47474158474839023,
           1,
           0.229825956075484,
           -0.22706079853878863
          ],
          [
           0.32766792289828894,
           0.4218763934270904,
           0.03781801481725594,
           0.139851881061407,
           -0.03722838645572096,
           0.27655573192140503,
           0.24240461223882526,
           0.21042022284449377,
           0.24809996472908105,
           -0.07277215984573887,
           -0.10065292640885384,
           0.21606170820148307,
           -0.05238260194761783,
           -0.0017813863701445054,
           0.420348877891812,
           0.8189145707727329,
           0.28862281414507984,
           0.21542255485160855,
           -0.08196492964864782,
           0.9019936008185135,
           -0.027623281240555297,
           0.229825956075484,
           1,
           -0.07031228298189278
          ],
          [
           0.06688414922044737,
           -0.09207383851633018,
           0.006902923795648586,
           0.22396877417240835,
           0.23318709684053432,
           -0.10917691339736342,
           -0.1820398106812368,
           -0.38697522607242146,
           -0.32553252258910065,
           0.5876985784891798,
           0.18828909560979243,
           -0.329011210999558,
           -0.17308181648283763,
           -0.3439569525545346,
           -0.04936110204939738,
           -0.21871948795116167,
           0.15241030069082867,
           0.17897732558024548,
           0.29045041509950464,
           -0.15249346592684207,
           0.2784323988711837,
           -0.22706079853878863,
           -0.07031228298189278,
           1
          ]
         ]
        }
       ],
       "layout": {
        "coloraxis": {
         "colorscale": [
          [
           0,
           "#0d0887"
          ],
          [
           0.1111111111111111,
           "#46039f"
          ],
          [
           0.2222222222222222,
           "#7201a8"
          ],
          [
           0.3333333333333333,
           "#9c179e"
          ],
          [
           0.4444444444444444,
           "#bd3786"
          ],
          [
           0.5555555555555556,
           "#d8576b"
          ],
          [
           0.6666666666666666,
           "#ed7953"
          ],
          [
           0.7777777777777778,
           "#fb9f3a"
          ],
          [
           0.8888888888888888,
           "#fdca26"
          ],
          [
           1,
           "#f0f921"
          ]
         ]
        },
        "margin": {
         "t": 60
        },
        "template": {
         "data": {
          "bar": [
           {
            "error_x": {
             "color": "#2a3f5f"
            },
            "error_y": {
             "color": "#2a3f5f"
            },
            "marker": {
             "line": {
              "color": "#E5ECF6",
              "width": 0.5
             },
             "pattern": {
              "fillmode": "overlay",
              "size": 10,
              "solidity": 0.2
             }
            },
            "type": "bar"
           }
          ],
          "barpolar": [
           {
            "marker": {
             "line": {
              "color": "#E5ECF6",
