{
 "cells": [
  {
   "cell_type": "code",
   "execution_count": 1,
   "id": "8301d5ed",
   "metadata": {},
   "outputs": [],
   "source": [
    "import pandas as pd\n",
    "import plotly.express as px\n",
    "import plotly.graph_objects as go\n",
    "pd.set_option('display.max_columns', None)\n",
    "\n",
    "data = pd.read_excel('datasets/nba_player_data.xlsx')"
   ]
  },
  {
   "cell_type": "code",
   "execution_count": 2,
   "id": "e256716c",
   "metadata": {},
   "outputs": [
    {
     "data": {
      "text/html": [
       "<div>\n",
       "<style scoped>\n",
       "    .dataframe tbody tr th:only-of-type {\n",
       "        vertical-align: middle;\n",
       "    }\n",
       "\n",
       "    .dataframe tbody tr th {\n",
       "        vertical-align: top;\n",
       "    }\n",
       "\n",
       "    .dataframe thead th {\n",
       "        text-align: right;\n",
       "    }\n",
       "</style>\n",
       "<table border=\"1\" class=\"dataframe\">\n",
       "  <thead>\n",
       "    <tr style=\"text-align: right;\">\n",
       "      <th></th>\n",
       "      <th>Year</th>\n",
       "      <th>Season_type</th>\n",
       "      <th>PLAYER_ID</th>\n",
       "      <th>RANK</th>\n",
       "      <th>PLAYER</th>\n",
       "      <th>TEAM_ID</th>\n",
       "      <th>TEAM</th>\n",
       "      <th>GP</th>\n",
       "      <th>MIN</th>\n",
       "      <th>FGM</th>\n",
       "      <th>FGA</th>\n",
       "      <th>FG_PCT</th>\n",
       "      <th>FG3M</th>\n",
       "      <th>FG3A</th>\n",
       "      <th>FG3_PCT</th>\n",
       "      <th>FTM</th>\n",
       "      <th>FTA</th>\n",
       "      <th>FT_PCT</th>\n",
       "      <th>OREB</th>\n",
       "      <th>DREB</th>\n",
       "      <th>REB</th>\n",
       "      <th>AST</th>\n",
       "      <th>STL</th>\n",
       "      <th>BLK</th>\n",
       "      <th>TOV</th>\n",
       "      <th>PF</th>\n",
       "      <th>PTS</th>\n",
       "      <th>EFF</th>\n",
       "      <th>AST_TOV</th>\n",
       "      <th>STL_TOV</th>\n",
       "    </tr>\n",
       "  </thead>\n",
       "  <tbody>\n",
       "    <tr>\n",
       "      <th>3725</th>\n",
       "      <td>2017-18</td>\n",
       "      <td>Regular%20Season</td>\n",
       "      <td>204038</td>\n",
       "      <td>271</td>\n",
       "      <td>Langston Galloway</td>\n",
       "      <td>1610612765</td>\n",
       "      <td>DET</td>\n",
       "      <td>58</td>\n",
       "      <td>863</td>\n",
       "      <td>126</td>\n",
       "      <td>340</td>\n",
       "      <td>0.371</td>\n",
       "      <td>75</td>\n",
       "      <td>218</td>\n",
       "      <td>0.344</td>\n",
       "      <td>33</td>\n",
       "      <td>41</td>\n",
       "      <td>0.805</td>\n",
       "      <td>13</td>\n",
       "      <td>79</td>\n",
       "      <td>92</td>\n",
       "      <td>58</td>\n",
       "      <td>35</td>\n",
       "      <td>5</td>\n",
       "      <td>18</td>\n",
       "      <td>39</td>\n",
       "      <td>360</td>\n",
       "      <td>310</td>\n",
       "      <td>3.22</td>\n",
       "      <td>1.94</td>\n",
       "    </tr>\n",
       "    <tr>\n",
       "      <th>6956</th>\n",
       "      <td>2021-22</td>\n",
       "      <td>Regular%20Season</td>\n",
       "      <td>1626161</td>\n",
       "      <td>485</td>\n",
       "      <td>Willie Cauley-Stein</td>\n",
       "      <td>1610612755</td>\n",
       "      <td>PHI</td>\n",
       "      <td>20</td>\n",
       "      <td>183</td>\n",
       "      <td>16</td>\n",
       "      <td>35</td>\n",
       "      <td>0.457</td>\n",
       "      <td>1</td>\n",
       "      <td>2</td>\n",
       "      <td>0.500</td>\n",
       "      <td>1</td>\n",
       "      <td>2</td>\n",
       "      <td>0.500</td>\n",
       "      <td>13</td>\n",
       "      <td>27</td>\n",
       "      <td>40</td>\n",
       "      <td>10</td>\n",
       "      <td>6</td>\n",
       "      <td>3</td>\n",
       "      <td>7</td>\n",
       "      <td>19</td>\n",
       "      <td>34</td>\n",
       "      <td>66</td>\n",
       "      <td>1.43</td>\n",
       "      <td>0.86</td>\n",
       "    </tr>\n",
       "    <tr>\n",
       "      <th>984</th>\n",
       "      <td>2013-14</td>\n",
       "      <td>Regular%20Season</td>\n",
       "      <td>203515</td>\n",
       "      <td>308</td>\n",
       "      <td>Phil Pressey</td>\n",
       "      <td>1610612738</td>\n",
       "      <td>BOS</td>\n",
       "      <td>75</td>\n",
       "      <td>1132</td>\n",
       "      <td>78</td>\n",
       "      <td>253</td>\n",
       "      <td>0.308</td>\n",
       "      <td>28</td>\n",
       "      <td>106</td>\n",
       "      <td>0.264</td>\n",
       "      <td>29</td>\n",
       "      <td>45</td>\n",
       "      <td>0.644</td>\n",
       "      <td>20</td>\n",
       "      <td>85</td>\n",
       "      <td>105</td>\n",
       "      <td>241</td>\n",
       "      <td>68</td>\n",
       "      <td>5</td>\n",
       "      <td>87</td>\n",
       "      <td>97</td>\n",
       "      <td>213</td>\n",
       "      <td>354</td>\n",
       "      <td>2.77</td>\n",
       "      <td>0.78</td>\n",
       "    </tr>\n",
       "    <tr>\n",
       "      <th>3104</th>\n",
       "      <td>2016-17</td>\n",
       "      <td>Regular%20Season</td>\n",
       "      <td>1627751</td>\n",
       "      <td>352</td>\n",
       "      <td>Jakob Poeltl</td>\n",
       "      <td>1610612761</td>\n",
       "      <td>TOR</td>\n",
       "      <td>54</td>\n",
       "      <td>626</td>\n",
       "      <td>67</td>\n",
       "      <td>115</td>\n",
       "      <td>0.583</td>\n",
       "      <td>0</td>\n",
       "      <td>0</td>\n",
       "      <td>0.000</td>\n",
       "      <td>31</td>\n",
       "      <td>57</td>\n",
       "      <td>0.544</td>\n",
       "      <td>78</td>\n",
       "      <td>87</td>\n",
       "      <td>165</td>\n",
       "      <td>12</td>\n",
       "      <td>17</td>\n",
       "      <td>20</td>\n",
       "      <td>29</td>\n",
       "      <td>113</td>\n",
       "      <td>165</td>\n",
       "      <td>276</td>\n",
       "      <td>0.41</td>\n",
       "      <td>0.59</td>\n",
       "    </tr>\n",
       "    <tr>\n",
       "      <th>1418</th>\n",
       "      <td>2014-15</td>\n",
       "      <td>Regular%20Season</td>\n",
       "      <td>202695</td>\n",
       "      <td>57</td>\n",
       "      <td>Kawhi Leonard</td>\n",
       "      <td>1610612759</td>\n",
       "      <td>SAS</td>\n",
       "      <td>64</td>\n",
       "      <td>2033</td>\n",
       "      <td>394</td>\n",
       "      <td>822</td>\n",
       "      <td>0.479</td>\n",
       "      <td>67</td>\n",
       "      <td>192</td>\n",
       "      <td>0.349</td>\n",
       "      <td>202</td>\n",
       "      <td>252</td>\n",
       "      <td>0.802</td>\n",
       "      <td>85</td>\n",
       "      <td>376</td>\n",
       "      <td>461</td>\n",
       "      <td>161</td>\n",
       "      <td>148</td>\n",
       "      <td>48</td>\n",
       "      <td>97</td>\n",
       "      <td>128</td>\n",
       "      <td>1057</td>\n",
       "      <td>1300</td>\n",
       "      <td>1.66</td>\n",
       "      <td>1.53</td>\n",
       "    </tr>\n",
       "    <tr>\n",
       "      <th>658</th>\n",
       "      <td>2012-13</td>\n",
       "      <td>Playoffs</td>\n",
       "      <td>202933</td>\n",
       "      <td>188</td>\n",
       "      <td>Julyan Stone</td>\n",
       "      <td>1610612743</td>\n",
       "      <td>DEN</td>\n",
       "      <td>2</td>\n",
       "      <td>13</td>\n",
       "      <td>0</td>\n",
       "      <td>0</td>\n",
       "      <td>0.000</td>\n",
       "      <td>0</td>\n",
       "      <td>0</td>\n",
       "      <td>0.000</td>\n",
       "      <td>2</td>\n",
       "      <td>2</td>\n",
       "      <td>1.000</td>\n",
       "      <td>0</td>\n",
       "      <td>0</td>\n",
       "      <td>0</td>\n",
       "      <td>1</td>\n",
       "      <td>0</td>\n",
       "      <td>0</td>\n",
       "      <td>0</td>\n",
       "      <td>3</td>\n",
       "      <td>2</td>\n",
       "      <td>3</td>\n",
       "      <td>0.00</td>\n",
       "      <td>0.00</td>\n",
       "    </tr>\n",
       "    <tr>\n",
       "      <th>1265</th>\n",
       "      <td>2013-14</td>\n",
       "      <td>Playoffs</td>\n",
       "      <td>201175</td>\n",
       "      <td>107</td>\n",
       "      <td>Glen Davis</td>\n",
       "      <td>1610612746</td>\n",
       "      <td>LAC</td>\n",
       "      <td>13</td>\n",
       "      <td>158</td>\n",
       "      <td>25</td>\n",
       "      <td>41</td>\n",
       "      <td>0.610</td>\n",
       "      <td>0</td>\n",
       "      <td>0</td>\n",
       "      <td>0.000</td>\n",
       "      <td>0</td>\n",
       "      <td>0</td>\n",
       "      <td>0.000</td>\n",
       "      <td>14</td>\n",
       "      <td>22</td>\n",
       "      <td>36</td>\n",
       "      <td>9</td>\n",
       "      <td>3</td>\n",
       "      <td>3</td>\n",
       "      <td>7</td>\n",
       "      <td>24</td>\n",
       "      <td>50</td>\n",
       "      <td>78</td>\n",
       "      <td>1.29</td>\n",
       "      <td>0.43</td>\n",
       "    </tr>\n",
       "    <tr>\n",
       "      <th>6052</th>\n",
       "      <td>2020-21</td>\n",
       "      <td>Regular%20Season</td>\n",
       "      <td>1630222</td>\n",
       "      <td>361</td>\n",
       "      <td>Mason Jones</td>\n",
       "      <td>1610612755</td>\n",
       "      <td>PHI</td>\n",
       "      <td>32</td>\n",
       "      <td>334</td>\n",
       "      <td>52</td>\n",
       "      <td>123</td>\n",
       "      <td>0.423</td>\n",
       "      <td>24</td>\n",
       "      <td>66</td>\n",
       "      <td>0.364</td>\n",
       "      <td>40</td>\n",
       "      <td>64</td>\n",
       "      <td>0.625</td>\n",
       "      <td>7</td>\n",
       "      <td>48</td>\n",
       "      <td>55</td>\n",
       "      <td>42</td>\n",
       "      <td>7</td>\n",
       "      <td>1</td>\n",
       "      <td>29</td>\n",
       "      <td>24</td>\n",
       "      <td>168</td>\n",
       "      <td>149</td>\n",
       "      <td>1.45</td>\n",
       "      <td>0.24</td>\n",
       "    </tr>\n",
       "    <tr>\n",
       "      <th>1686</th>\n",
       "      <td>2014-15</td>\n",
       "      <td>Regular%20Season</td>\n",
       "      <td>203462</td>\n",
       "      <td>325</td>\n",
       "      <td>Archie Goodwin</td>\n",
       "      <td>1610612756</td>\n",
       "      <td>PHX</td>\n",
       "      <td>41</td>\n",
       "      <td>535</td>\n",
       "      <td>79</td>\n",
       "      <td>201</td>\n",
       "      <td>0.393</td>\n",
       "      <td>12</td>\n",
       "      <td>41</td>\n",
       "      <td>0.293</td>\n",
       "      <td>61</td>\n",
       "      <td>83</td>\n",
       "      <td>0.735</td>\n",
       "      <td>27</td>\n",
       "      <td>47</td>\n",
       "      <td>74</td>\n",
       "      <td>44</td>\n",
       "      <td>18</td>\n",
       "      <td>9</td>\n",
       "      <td>48</td>\n",
       "      <td>55</td>\n",
       "      <td>231</td>\n",
       "      <td>184</td>\n",
       "      <td>0.92</td>\n",
       "      <td>0.38</td>\n",
       "    </tr>\n",
       "    <tr>\n",
       "      <th>1101</th>\n",
       "      <td>2013-14</td>\n",
       "      <td>Regular%20Season</td>\n",
       "      <td>203318</td>\n",
       "      <td>425</td>\n",
       "      <td>Glen Rice</td>\n",
       "      <td>1610612764</td>\n",
       "      <td>WAS</td>\n",
       "      <td>11</td>\n",
       "      <td>109</td>\n",
       "      <td>11</td>\n",
       "      <td>37</td>\n",
       "      <td>0.297</td>\n",
       "      <td>5</td>\n",
       "      <td>17</td>\n",
       "      <td>0.294</td>\n",
       "      <td>5</td>\n",
       "      <td>7</td>\n",
       "      <td>0.714</td>\n",
       "      <td>4</td>\n",
       "      <td>16</td>\n",
       "      <td>20</td>\n",
       "      <td>7</td>\n",
       "      <td>6</td>\n",
       "      <td>1</td>\n",
       "      <td>9</td>\n",
       "      <td>7</td>\n",
       "      <td>32</td>\n",
       "      <td>29</td>\n",
       "      <td>0.78</td>\n",
       "      <td>0.67</td>\n",
       "    </tr>\n",
       "  </tbody>\n",
       "</table>\n",
       "</div>"
      ],
      "text/plain": [
       "         Year       Season_type  PLAYER_ID  RANK               PLAYER  \\\n",
       "3725  2017-18  Regular%20Season     204038   271    Langston Galloway   \n",
       "6956  2021-22  Regular%20Season    1626161   485  Willie Cauley-Stein   \n",
       "984   2013-14  Regular%20Season     203515   308         Phil Pressey   \n",
       "3104  2016-17  Regular%20Season    1627751   352         Jakob Poeltl   \n",
       "1418  2014-15  Regular%20Season     202695    57        Kawhi Leonard   \n",
       "658   2012-13          Playoffs     202933   188         Julyan Stone   \n",
       "1265  2013-14          Playoffs     201175   107           Glen Davis   \n",
       "6052  2020-21  Regular%20Season    1630222   361          Mason Jones   \n",
       "1686  2014-15  Regular%20Season     203462   325       Archie Goodwin   \n",
       "1101  2013-14  Regular%20Season     203318   425            Glen Rice   \n",
       "\n",
       "         TEAM_ID TEAM  GP   MIN  FGM  FGA  FG_PCT  FG3M  FG3A  FG3_PCT  FTM  \\\n",
       "3725  1610612765  DET  58   863  126  340   0.371    75   218    0.344   33   \n",
       "6956  1610612755  PHI  20   183   16   35   0.457     1     2    0.500    1   \n",
       "984   1610612738  BOS  75  1132   78  253   0.308    28   106    0.264   29   \n",
       "3104  1610612761  TOR  54   626   67  115   0.583     0     0    0.000   31   \n",
       "1418  1610612759  SAS  64  2033  394  822   0.479    67   192    0.349  202   \n",
       "658   1610612743  DEN   2    13    0    0   0.000     0     0    0.000    2   \n",
       "1265  1610612746  LAC  13   158   25   41   0.610     0     0    0.000    0   \n",
       "6052  1610612755  PHI  32   334   52  123   0.423    24    66    0.364   40   \n",
       "1686  1610612756  PHX  41   535   79  201   0.393    12    41    0.293   61   \n",
       "1101  1610612764  WAS  11   109   11   37   0.297     5    17    0.294    5   \n",
       "\n",
       "      FTA  FT_PCT  OREB  DREB  REB  AST  STL  BLK  TOV   PF   PTS   EFF  \\\n",
       "3725   41   0.805    13    79   92   58   35    5   18   39   360   310   \n",
       "6956    2   0.500    13    27   40   10    6    3    7   19    34    66   \n",
       "984    45   0.644    20    85  105  241   68    5   87   97   213   354   \n",
       "3104   57   0.544    78    87  165   12   17   20   29  113   165   276   \n",
       "1418  252   0.802    85   376  461  161  148   48   97  128  1057  1300   \n",
       "658     2   1.000     0     0    0    1    0    0    0    3     2     3   \n",
       "1265    0   0.000    14    22   36    9    3    3    7   24    50    78   \n",
       "6052   64   0.625     7    48   55   42    7    1   29   24   168   149   \n",
       "1686   83   0.735    27    47   74   44   18    9   48   55   231   184   \n",
       "1101    7   0.714     4    16   20    7    6    1    9    7    32    29   \n",
       "\n",
       "      AST_TOV  STL_TOV  \n",
       "3725     3.22     1.94  \n",
       "6956     1.43     0.86  \n",
       "984      2.77     0.78  \n",
       "3104     0.41     0.59  \n",
       "1418     1.66     1.53  \n",
       "658      0.00     0.00  \n",
       "1265     1.29     0.43  \n",
       "6052     1.45     0.24  \n",
       "1686     0.92     0.38  \n",
       "1101     0.78     0.67  "
      ]
     },
     "execution_count": 2,
     "metadata": {},
     "output_type": "execute_result"
    }
   ],
   "source": [
    "data.sample(10)"
   ]
  },
  {
   "cell_type": "code",
   "execution_count": 3,
   "id": "a574479f",
   "metadata": {},
   "outputs": [
    {
     "data": {
      "text/plain": [
       "(9623, 30)"
      ]
     },
     "execution_count": 3,
     "metadata": {},
     "output_type": "execute_result"
    }
   ],
   "source": [
    "data.shape"
   ]
  },
  {
   "cell_type": "markdown",
   "id": "741c2320",
   "metadata": {},
   "source": [
    "# Data cleaning & analysis preparation"
   ]
  },
  {
   "cell_type": "code",
   "execution_count": 4,
   "id": "be391d7c",
   "metadata": {},
   "outputs": [],
   "source": [
    "data.drop(columns=['RANK', 'EFF'], inplace=True)"
   ]
  },
  {
   "cell_type": "code",
   "execution_count": 5,
   "id": "e5d7b0bc",
   "metadata": {},
   "outputs": [],
   "source": [
    "data['season_start_year'] = data['Year'].str[:4].astype(int)"
   ]
  },
  {
   "cell_type": "code",
   "execution_count": null,
   "id": "c77086b9",
   "metadata": {},
   "outputs": [],
   "source": [
    "data['TEAM'].replace(to_replace=['NOP', 'NOH'], value='NO', inplace=True)"
   ]
  },
  {
   "cell_type": "code",
   "execution_count": null,
   "id": "98e00281",
   "metadata": {},
   "outputs": [],
   "source": [
    "data['Season_type'].replace('Regular%20Season', 'Regular', inplace=True)"
   ]
  },
  {
   "cell_type": "code",
   "execution_count": 8,
   "id": "a59f1e06",
   "metadata": {},
   "outputs": [],
   "source": [
    "rs_df = data[data['Season_type'] == 'Regular']\n",
    "playoffs_df = data[data['Season_type'] == 'Playoffs']"
   ]
  },
  {
   "cell_type": "code",
   "execution_count": 9,
   "id": "d9418e7b",
   "metadata": {},
   "outputs": [
    {
     "data": {
      "text/plain": [
       "Index(['Year', 'Season_type', 'PLAYER_ID', 'PLAYER', 'TEAM_ID', 'TEAM', 'GP',\n",
       "       'MIN', 'FGM', 'FGA', 'FG_PCT', 'FG3M', 'FG3A', 'FG3_PCT', 'FTM', 'FTA',\n",
       "       'FT_PCT', 'OREB', 'DREB', 'REB', 'AST', 'STL', 'BLK', 'TOV', 'PF',\n",
       "       'PTS', 'AST_TOV', 'STL_TOV', 'season_start_year'],\n",
       "      dtype='object')"
      ]
     },
     "execution_count": 9,
     "metadata": {},
     "output_type": "execute_result"
    }
   ],
   "source": [
    "data.columns"
   ]
  },
  {
   "cell_type": "code",
   "execution_count": 58,
   "id": "9ac76e4f",
   "metadata": {},
   "outputs": [],
   "source": [
    "total_cols = ['MIN', 'FGM', 'FGA', 'FG3M', 'FG3A', 'FTM', 'FTA', 'OREB', 'DREB', 'REB', 'AST', 'STL', 'BLK', 'TOV', 'PF', 'PTS']"
   ]
  },
  {
   "cell_type": "markdown",
   "id": "5f769f74",
   "metadata": {},
   "source": [
    "## Which player stats are correlated with each other?"
   ]
  },
  {
   "cell_type": "code",
   "execution_count": 60,
   "id": "6431e7ec",
   "metadata": {},
   "outputs": [
    {
     "data": {
      "application/vnd.plotly.v1+json": {
       "config": {
        "plotlyServerURL": "https://plot.ly"
       },
       "data": [
        {
         "coloraxis": "coloraxis",
         "hovertemplate": "x: %{x}<br>y: %{y}<br>color: %{z}<extra></extra>",
         "name": "0",
         "type": "heatmap",
         "x": [
          "MIN",
          "FGM",
          "FGA",
          "FG3M",
          "FG3A",
          "FTM",
          "FTA",
          "OREB",
          "DREB",
          "REB",
          "AST",
          "STL",
          "BLK",
          "TOV",
          "PF",
          "PTS",
          "FG%",
          "3PT%",
          "FT%",
          "FG3A%",
          "PTS/FGA",
          "FG3M/FGM",
          "FTA/FGA",
          "TRU%",
          "AST_TOV"
         ],
         "xaxis": "x",
         "y": [
          "MIN",
          "FGM",
          "FGA",
          "FG3M",
          "FG3A",
          "FTM",
          "FTA",
          "OREB",
          "DREB",
          "REB",
          "AST",
          "STL",
          "BLK",
          "TOV",
          "PF",
          "PTS",
          "FG%",
          "3PT%",
          "FT%",
          "FG3A%",
          "PTS/FGA",
          "FG3M/FGM",
          "FTA/FGA",
          "TRU%",
          "AST_TOV"
         ],
         "yaxis": "y",
         "z": [
          [
           1,
           0.43579528668513645,
           0.35329161840863554,
           0.1806472229350172,
           0.09787625784122206,
           0.3494794402708432,
           0.2818782022891663,
           -0.12484606937978945,
           0.04418277750405119,
           -0.024437108856383366,
           0.24581743809507547,
           0.029832125307906455,
           -0.055451311409415734,
           0.14345069947877395,
           -0.372280566855489,
           0.4609575473873794,
           0.20573973158905617,
           0.17505189643235486,
           0.25696642378818263,
           -0.03195791326658492,
           0.2750365682634637,
           -0.003119228083424998,
           0.039185755982762555,
           0.32766792289828894,
           0.06688414922044737
          ],
          [
           0.43579528668513645,
           1,
           0.8713074425928249,
           0.19964168904214297,
           0.1473884772716089,
           0.6271188922166252,
           0.5866418706199725,
           0.06743283246450195,
           0.23215651364979664,
           0.18224810821737625,
           0.2431485995697135,
           -0.03068446204643968,
           0.06547690447715132,
           0.4094223524565911,
           -0.19784521293341625,
           0.9587053753183119,
           0.4019823011100903,
           0.12716717201282124,
           0.21768758344851744,
           -0.22755635922430392,
           0.3674856635269829,
           -0.21785293874052605,
           0.06958154337708826,
           0.4218763934270904,
           -0.09207383851633018
          ],
          [
           0.35329161840863554,
           0.8713074425928249,
           1,
           0.4267963545914796,
           0.4479565389058964,
           0.5672894958944957,
           0.4837108098800086,
           -0.2234548924509032,
           -0.01278668688952138,
           -0.10439774531987137,
           0.3429561937122653,
           0.01777378194698495,
           -0.17342416947715159,
           0.4338466514128163,
           -0.3271136048963145,
           0.8977227620226866,
           -0.07377668556802558,
           0.17054886188351298,
           0.312554075677198,
           0.0484152105579271,
           -0.01771815086870939,
           0.03979086605717935,
           -0.10535905347364247,
           0.03781801481725594,
           0.006902923795648586
          ],
          [
           0.1806472229350172,
           0.19964168904214297,
           0.4267963545914796,
           1,
           0.9571043977811935,
           -0.018499171203128422,
           -0.1562335931869743,
           -0.6066654786718289,
           -0.3941393207864561,
           -0.5207586585643696,
           0.16121076609187723,
           0.000662648413452267,
           -0.4319033610892524,
           -0.06656964915381504,
           -0.4025245833536118,
           0.36302655947950774,
           -0.36236228536292386,
           0.5724179179579972,
           0.4003897490043814,
           0.8374411943018488,
           -0.06873015726354147,
           0.858288930101354,
           -0.4061077183783214,
           0.139851881061407,
           0.22396877417240835
          ],
          [
           0.09787625784122206,
           0.1473884772716089,
           0.4479565389058964,
           0.9571043977811935,
           1,
           -0.032812891999822555,
           -0.16830271754596654,
           -0.6379663273177728,
           -0.4226813931096596,
           -0.5530458466506167,
           0.17714223421435693,
           0.024450725867603006,
           -0.4564690459048369,
           -0.04538350604334762,
           -0.40060204986494774,
           0.3111105332765233,
           -0.49772665518005027,
           0.45272496845355087,
           0.37861489626335637,
           0.8776113016869733,
           -0.21876764335913423,
           0.8437341630017373,
           -0.4323886344052661,
           -0.03722838645572096,
           0.23318709684053432
          ],
          [
           0.3494794402708432,
           0.6271188922166252,
           0.5672894958944957,
           -0.018499171203128422,
           -0.032812891999822555,
           1,
           0.9552119791090975,
           0.08653786972347116,
           0.19639063503323148,
           0.16683610647430375,
           0.25604565408315,
           0.01990122677739106,
           0.06425434489905858,
           0.46190759597444725,
           -0.08818563478682175,
           0.7469433163770812,
           0.20561667510931406,
           0.004270253381673872,
           0.2796883620179337,
           -0.2935589339538568,
           0.4816188258289767,
           -0.2894226332001689,
           0.6083026614338831,
           0.27655573192140503,
           -0.10917691339736342
          ],
          [
           0.2818782022891663,
           0.5866418706199725,
           0.4837108098800086,
           -0.1562335931869743,
           -0.16830271754596654,
           0.9552119791090975,
           1,
           0.23081974004692452,
           0.2954651071211013,
           0.29421108192301465,
           0.1830054996883538,
           0.020667230078991263,
           0.1713290791347846,
           0.4652830139094285,
           0.011762960581710705,
           0.673594875662236,
           0.281970447591707,
           -0.08440299687062135,
           0.03838086363289883,
           -0.4133846011265897,
           0.5010788919662059,
           -0.4050826691628288,
           0.7212989253589399,
           0.24240461223882526,
           -0.1820398106812368
          ],
          [
           -0.12484606937978945,
           0.06743283246450195,
           -0.2234548924509032,
           -0.6066654786718289,
           -0.6379663273177728,
           0.08653786972347116,
           0.23081974004692452,
           1,
           0.6694221113316409,
           0.8714296932907266,
           -0.3749239963192412,
           -0.11217570339442277,
           0.6017277119118559,
           -0.015594913878340149,
           0.48121964149778584,
           -0.06042517432817346,
           0.5555315117661619,
           -0.39938994401160505,
           -0.36572989588507876,
           -0.6405631600830889,
           0.3437859681686159,
           -0.6114942215165312,
           0.3977853593300844,
           0.21042022284449377,
           -0.38697522607242146
          ],
          [
           0.04418277750405119,
           0.23215651364979664,
           -0.01278668688952138,
           -0.3941393207864561,
           -0.4226813931096596,
           0.19639063503323148,
           0.2954651071211013,
           0.6694221113316409,
           1,
           0.9477532237365687,
           -0.22308043577830108,
           -0.13209999321508303,
           0.5407638141713225,
           0.11541989130476034,
           0.31679017222407624,
           0.13940126035647565,
           0.4809666219236666,
           -0.2495417023659818,
           -0.24353682678423033,
           -0.4772613134523308,
           0.3395154143648289,
           -0.4603591986697067,
           0.31602422048398304,
           0.24809996472908105,
           -0.32553252258910065
          ],
          [
           -0.024437108856383366,
           0.18224810821737625,
           -0.10439774531987137,
           -0.5207586585643696,
           -0.5530458466506167,
           0.16683610647430375,
           0.29421108192301465,
           0.8714296932907266,
           0.9477532237365687,
           1,
           -0.30829640478265374,
           -0.1353946625955007,
           0.6154535307502871,
           0.06951433797987401,
           0.4158172424339687,
           0.06609831838229709,
           0.5561325053110966,
           -0.3347224729889463,
           -0.317693104192309,
           -0.5901997388351843,
           0.37180655935831836,
           -0.5665567553381423,
           0.37948359644517266,
           0.25417633041829124,
           -0.38073988927564195
          ],
          [
           0.24581743809507547,
           0.2431485995697135,
           0.3429561937122653,
           0.16121076609187723,
           0.17714223421435693,
           0.25604565408315,
           0.1830054996883538,
           -0.3749239963192412,
           -0.22308043577830108,
           -0.30829640478265374,
           1,
           0.29158193399210336,
           -0.32251903532510784,
           0.5735140856716116,
           -0.30647502650931463,
           0.2885197373974312,
           -0.14930081594672098,
           0.10960276576571028,
           0.2041928811422414,
           0.05513211247477849,
           -0.08199576330072489,
           0.03852034755274514,
           -0.055150859498759204,
           -0.07277215984573887,
           0.5876985784891798
          ],
          [
           0.029832125307906455,
           -0.03068446204643968,
           0.01777378194698495,
           0.000662648413452267,
           0.024450725867603006,
           0.01990122677739106,
           0.020667230078991263,
           -0.11217570339442277,
           -0.13209999321508303,
           -0.1353946625955007,
           0.29158193399210336,
           1,
           -0.07547006936004905,
           0.1628210801390268,
           -0.02400673181182853,
           -0.016441146413422106,
           -0.10405824623959034,
           0.000500257286121952,
           -0.021397808484839038,
           0.032284868250731666,
           -0.09162012092023389,
           0.01474651259561338,
           -0.018055558646074825,
           -0.10065292640885384,
           0.18828909560979243
          ],
          [
           -0.055451311409415734,
           0.06547690447715132,
           -0.17342416947715159,
           -0.4319033610892524,
           -0.4564690459048369,
           0.06425434489905858,
           0.1713290791347846,
           0.6017277119118559,
           0.5407638141713225,
           0.6154535307502871,
           -0.32251903532510784,
           -0.07547006936004905,
           1,
           -0.015402135497822884,
           0.42079522022173366,
           -0.0294807169942548,
           0.468350768877663,
           -0.26246872280461797,
           -0.2926868145547959,
           -0.4640638038661197,
           0.30484398719271893,
           -0.4449218629214594,
           0.29520460356763434,
           0.21606170820148307,
           -0.329011210999558
          ],
          [
           0.14345069947877395,
           0.4094223524565911,
           0.4338466514128163,
           -0.06656964915381504,
           -0.04538350604334762,
           0.46190759597444725,
           0.4652830139094285,
           -0.015594913878340149,
           0.11541989130476034,
           0.06951433797987401,
           0.5735140856716116,
           0.1628210801390268,
           -0.015402135497822884,
           1,
           0.04740695630747262,
           0.4195918050901282,
           0.02999814164657547,
           -0.061405495161324486,
           0.035479605949719814,
           -0.2566048058646802,
           0.04447090494644473,
           -0.26671510127632386,
           0.20473635930812242,
           -0.05238260194761783,
           -0.17308181648283763
          ],
          [
           -0.372280566855489,
           -0.19784521293341625,
           -0.3271136048963145,
           -0.4025245833536118,
           -0.40060204986494774,
           -0.08818563478682175,
           0.011762960581710705,
           0.48121964149778584,
           0.31679017222407624,
           0.4158172424339687,
           -0.30647502650931463,
           -0.02400673181182853,
           0.42079522022173366,
           0.04740695630747262,
           1,
           -0.2599699830261821,
           0.2137959329488701,
           -0.26822318674492795,
           -0.28723977283611823,
           -0.3348385437471475,
           0.1080246505972323,
           -0.3267407330647346,
           0.24991656460126754,
           -0.0017813863701445054,
           -0.3439569525545346
          ],
          [
           0.4609575473873794,
           0.9587053753183119,
           0.8977227620226866,
           0.36302655947950774,
           0.3111105332765233,
           0.7469433163770812,
           0.673594875662236,
           -0.06042517432817346,
           0.13940126035647565,
           0.06609831838229709,
           0.2885197373974312,
           -0.016441146413422106,
           -0.0294807169942548,
           0.4195918050901282,
           -0.2599699830261821,
           1,
           0.2732491552701199,
           0.21784089432991813,
           0.33057770784781815,
           -0.06582640343330064,
           0.3942458820621977,
           -0.05288522376143227,
           0.1386098096756916,
           0.420348877891812,
           -0.04936110204939738
          ],
          [
           0.20573973158905617,
           0.4019823011100903,
           -0.07377668556802558,
           -0.36236228536292386,
           -0.49772665518005027,
           0.20561667510931406,
           0.281970447591707,
           0.5555315117661619,
           0.4809666219236666,
           0.5561325053110966,
           -0.14930081594672098,
           -0.10405824623959034,
           0.468350768877663,
           0.02999814164657547,
           0.2137959329488701,
           0.2732491552701199,
           1,
           -0.06370343800051428,
           -0.1516910615768295,
           -0.5664546873094051,
           0.813486857235074,
           -0.5263447067475019,
           0.34820342419812483,
           0.8189145707727329,
           -0.21871948795116167
          ],
          [
           0.17505189643235486,
           0.12716717201282124,
           0.17054886188351298,
           0.5724179179579972,
           0.45272496845355087,
           0.004270253381673872,
           -0.08440299687062135,
           -0.39938994401160505,
           -0.2495417023659818,
           -0.3347224729889463,
           0.10960276576571028,
           0.000500257286121952,
           -0.26246872280461797,
           -0.061405495161324486,
           -0.26822318674492795,
           0.21784089432991813,
           -0.06370343800051428,
           1,
           0.27947904894535164,
           0.4463336620125145,
           0.14760597506555295,
           0.5148849639791873,
           -0.23689558146432585,
           0.28862281414507984,
           0.15241030069082867
          ],
          [
           0.25696642378818263,
           0.21768758344851744,
           0.312554075677198,
           0.4003897490043814,
           0.37861489626335637,
           0.2796883620179337,
           0.03838086363289883,
           -0.36572989588507876,
           -0.24353682678423033,
           -0.317693104192309,
           0.2041928811422414,
           -0.021397808484839038,
           -0.2926868145547959,
           0.035479605949719814,
           -0.28723977283611823,
           0.33057770784781815,
           -0.1516910615768295,
           0.27947904894535164,
           1,
           0.308900616064475,
           0.09667471123060557,
           0.31299762728542435,
           -0.16845128951526947,
           0.21542255485160855,
           0.17897732558024548
          ],
          [
           -0.03195791326658492,
           -0.22755635922430392,
           0.0484152105579271,
           0.8374411943018488,
           0.8776113016869733,
           -0.2935589339538568,
           -0.4133846011265897,
           -0.6405631600830889,
           -0.4772613134523308,
           -0.5901997388351843,
           0.05513211247477849,
           0.032284868250731666,
           -0.4640638038661197,
           -0.2566048058646802,
           -0.3348385437471475,
           -0.06582640343330064,
           -0.5664546873094051,
           0.4463336620125145,
           0.308900616064475,
           1,
           -0.28109872787463597,
           0.961994291581011,
           -0.49397958800333674,
           -0.08196492964864782,
           0.29045041509950464
          ],
          [
           0.2750365682634637,
           0.3674856635269829,
           -0.01771815086870939,
           -0.06873015726354147,
           -0.21876764335913423,
           0.4816188258289767,
           0.5010788919662059,
           0.3437859681686159,
           0.3395154143648289,
           0.37180655935831836,
           -0.08199576330072489,
           -0.09162012092023389,
           0.30484398719271893,
           0.04447090494644473,
           0.1080246505972323,
           0.3942458820621977,
           0.813486857235074,
           0.14760597506555295,
           0.09667471123060557,
           -0.28109872787463597,
           1,
           -0.2288789124782622,
           0.6217594363313079,
           0.9019936008185135,
           -0.15249346592684207
          ],
          [
           -0.003119228083424998,
           -0.21785293874052605,
           0.03979086605717935,
           0.858288930101354,
           0.8437341630017373,
           -0.2894226332001689,
           -0.4050826691628288,
           -0.6114942215165312,
           -0.4603591986697067,
           -0.5665567553381423,
           0.03852034755274514,
           0.01474651259561338,
           -0.4449218629214594,
           -0.26671510127632386,
           -0.3267407330647346,
           -0.05288522376143227,
           -0.5263447067475019,
           0.5148849639791873,
           0.31299762728542435,
           0.961994291581011,
           -0.2288789124782622,
           1,
           -0.47474158474839023,
           -0.027623281240555297,
           0.2784323988711837
          ],
          [
           0.039185755982762555,
           0.06958154337708826,
           -0.10535905347364247,
           -0.4061077183783214,
           -0.4323886344052661,
           0.6083026614338831,
           0.7212989253589399,
           0.3977853593300844,
           0.31602422048398304,
           0.37948359644517266,
           -0.055150859498759204,
           -0.018055558646074825,
           0.29520460356763434,
           0.20473635930812242,
           0.24991656460126754,
           0.1386098096756916,
           0.34820342419812483,
           -0.23689558146432585,
           -0.16845128951526947,
           -0.49397958800333674,
           0.6217594363313079,
           -0.47474158474839023,
           1,
           0.229825956075484,
           -0.22706079853878863
          ],
          [
           0.32766792289828894,
           0.4218763934270904,
           0.03781801481725594,
           0.139851881061407,
           -0.03722838645572096,
           0.27655573192140503,
           0.24240461223882526,
           0.21042022284449377,
           0.24809996472908105,
           0.25417633041829124,
           -0.07277215984573887,
           -0.10065292640885384,
           0.21606170820148307,
           -0.05238260194761783,
           -0.0017813863701445054,
           0.420348877891812,
           0.8189145707727329,
           0.28862281414507984,
           0.21542255485160855,
           -0.08196492964864782,
           0.9019936008185135,
           -0.027623281240555297,
           0.229825956075484,
           1,
           -0.07031228298189278
          ],
          [
           0.06688414922044737,
           -0.09207383851633018,
           0.006902923795648586,
           0.22396877417240835,
           0.23318709684053432,
           -0.10917691339736342,
           -0.1820398106812368,
           -0.38697522607242146,
           -0.32553252258910065,
           -0.38073988927564195,
           0.5876985784891798,
           0.18828909560979243,
           -0.329011210999558,
           -0.17308181648283763,
           -0.3439569525545346,
